1.0 0.0 1.1666666666666667 0.13086220789685737 0.4964960121979826 0.5970682813355227 0.19950738916256158 0.48645320197044334 0.24261083743842365 0.21674876847290642 0.5160098522167488 0.4618226600985222 1.0 1.0 1.0 1.0 1.0 2.0 
1.0 0.0 7.25 0.3784965034965035 0.504897666640121 0.4576597382602002 0.0 0.21247113163972287 0.0 0.3371824480369515 0.5127020785219399 0.18706697459584296 1.0 1.0 1.0 1.0 1.0 1.0 
2.0 0.0 1.5172413793103448 0.14759093505998858 0.4836656891495601 0.5980867630700779 0.36 0.2503225806451613 0.1832258064516129 0.36 0.38451612903225807 0.52 2.0 2.0 2.0 2.0 0.0 1.0 
3.0 0.0 1.1369863013698631 0.16216216216216217 0.490880187416332 0.551763970428354 0.2916666666666667 0.4037698412698413 0.2648809523809524 0.2916666666666667 0.48214285714285715 0.42063492063492064 3.0 3.0 3.0 3.0 1.0 1.0 
1.0 2.0 0.7681159420289855 0.3328042328042328 0.5206227314995351 0.4980299993087717 0.35135135135135137 0.40779014308426076 0.3672496025437202 0.3338632750397456 0.29968203497615264 0.178060413354531 1.0 3.0 1.0 1.0 1.0 1.0 
1.0 2.0 1.4385964912280702 0.3238471125882842 0.507079272203883 0.46524425238850814 0.2552918537524054 0.2905708787684413 0.13149454778704298 0.4028223220012829 0.36433611289288004 0.2508017960230917 1.0 2.0 2.0 1.0 3.0 1.0 
1.0 1.0 1.2328767123287672 0.2277992277992278 0.49430682312038243 0.5567591220017503 0.2470664928292047 0.48826597131681876 0.2737940026075619 0.25945241199478486 0.47783572359843546 0.39960886571056065 3.0 2.0 2.0 2.0 1.0 1.0 
3.0 0.0 1.1891891891891893 0.15161048689138576 0.4964179841897233 0.49616761029804507 0.21146245059288538 0.48023715415019763 0.3102766798418972 0.36264822134387353 0.4743083003952569 0.32608695652173914 2.0 3.0 2.0 2.0 3.0 2.0 
1.0 0.0 1.1917808219178083 0.15955159705159705 0.5073844213600611 0.5643993829683441 0.13282001924927817 0.5004812319538018 0.23965351299326276 0.1472569778633301 0.5822906641000962 0.33012512030798846 1.0 1.0 2.0 2.0 1.0 1.0 
2.0 0.0 1.576271186440678 0.13953900709219857 0.5195857414162943 0.5863502250554562 0.1156289707750953 0.4104193138500635 0.2096569250317662 0.193138500635324 0.3951715374841169 0.2617534942820839 1.0 2.0 1.0 1.0 2.0 2.0 
1.0 0.0 1.1265822784810127 0.18597222222222223 0.4828943283181311 0.563371493935584 0.1882001493651979 0.4525765496639283 0.15608663181478716 0.2374906646751307 0.5967139656460044 0.36519790888722925 1.0 1.0 2.0 2.0 2.0 2.0 
1.0 0.0 1.0116279069767442 0.11742424242424243 0.49595335813739405 0.4367643635046693 0.2135706340378198 0.664071190211346 0.185761957730812 0.19021134593993325 0.6407119021134594 0.15906562847608455 1.0 1.0 1.0 1.0 1.0 1.0 
1.0 2.0 0.8780487804878049 0.25994388512955935 0.5223809523809524 0.4195276809910956 0.4266666666666667 0.52 0.39301587301587304 0.4076190476190476 0.3358730158730159 0.19111111111111112 1.0 1.0 1.0 1.0 1.0 2.0 
1.0 2.0 1.0759493670886076 0.25479651162790695 0.5078084628032616 0.46163899860636737 0.33884768967484313 0.5328009127210497 0.32344552196235027 0.3742156303479749 0.4249857387335995 0.2675413576725613 2.0 3.0 2.0 2.0 1.0 1.0 
1.0 0.0 0.9885057471264368 0.1357105538140021 0.49535555207377396 0.4079408803779054 0.33493743984600577 0.6737247353224254 0.1751684311838306 0.3397497593840231 0.5264677574590952 0.1395572666025024 2.0 1.0 2.0 2.0 1.0 1.0 
1.0 0.0 1.1012658227848102 0.1940340909090909 0.49844331128725533 0.4151361269158775 0.4136163982430454 0.5761346998535871 0.26720351390922403 0.45095168374816985 0.4128843338213763 0.25768667642752563 2.0 2.0 2.0 2.0 1.0 2.0 
1.0 2.0 0.6428571428571429 0.30417112299465243 0.5774469969266031 0.4425189203670216 0.4732770745428973 0.49156118143459915 0.37341772151898733 0.4345991561181435 0.2679324894514768 0.10337552742616034 1.0 3.0 1.0 1.0 1.0 2.0 
2.0 4.0 0.9759036144578314 0.2846980255516841 0.5545671457621143 0.4251826275013363 0.423763386027537 0.5823559408465069 0.3875573686894442 0.40591534931157575 0.3906170321264661 0.16216216216216217 1.0 2.0 1.0 1.0 2.0 3.0 
2.0 5.0 1.0232558139534884 0.3539971587240088 0.5193691751517363 0.46709315052221645 0.369573148485954 0.5253557095950383 0.3699379788398395 0.369573148485954 0.42721634439985406 0.2539219263042685 2.0 4.0 1.0 2.0 4.0 2.0 
3.0 0.0 1.05 0.17342047930283225 0.5068596953019063 0.5401905360134003 0.2730318257956449 0.5284757118927973 0.314070351758794 0.2730318257956449 0.518425460636516 0.37018425460636517 2.0 2.0 2.0 2.0 3.0 2.0 
2.0 0.0 1.1111111111111112 0.18882337175020103 0.49783928712246667 0.5202972075458473 0.19659332860184528 0.5138396025550035 0.2540809084457062 0.22356281050390348 0.6174591909155429 0.31724627395315824 1.0 2.0 2.0 2.0 2.0 3.0 
1.0 0.0 1.0459770114942528 0.18243577075098813 0.5035675225248685 0.5034513887267605 0.2660798916723087 0.5822613405551794 0.2525389302640487 0.2958700067704807 0.5457007447528774 0.2890995260663507 2.0 1.0 2.0 2.0 1.0 3.0 
4.0 0.0 1.0232558139534884 0.2468035645098799 0.49221017078159934 0.5618451316125734 0.20198848770277342 0.5023547880690737 0.2412349555206698 0.20198848770277342 0.5965463108320251 0.36159079016221873 5.0 4.0 4.0 5.0 4.0 3.0 
1.0 0.0 1.0886075949367089 0.15545977011494252 0.48294501998882344 0.6283605138164206 0.133086876155268 0.43622920517560076 0.18946395563770796 0.1423290203327172 0.6608133086876156 0.4824399260628466 2.0 1.0 2.0 2.0 1.0 1.0 
1.0 0.0 1.0459770114942528 0.1949110671936759 0.5058914469560858 0.47964832539370367 0.33713561470215464 0.605830164765526 0.2332065906210393 0.3485424588086185 0.491128010139417 0.28453738910012677 3.0 1.0 3.0 3.0 3.0 3.0 
1.0 0.0 1.1265822784810127 0.18208333333333335 0.5108717078480275 0.5407602661027914 0.15026697177726925 0.5751334858886347 0.2753623188405797 0.1952707856598017 0.551487414187643 0.34706331045003813 2.0 1.0 2.0 2.0 1.0 2.0 
3.0 0.0 1.0987654320987654 0.13265582655826558 0.5219267539681629 0.5206118614358315 0.16241062308478038 0.5178753830439223 0.20224719101123595 0.1961184882533197 0.5934627170582226 0.2533197139938713 1.0 1.0 1.0 1.0 3.0 3.0 
1.0 2.0 0.9080459770114943 0.19446022727272727 0.49249660197316714 0.43898138585929825 0.422936449963477 0.6340394448502557 0.26369612856099345 0.4097881665449233 0.45215485756026297 0.09642074506939372 1.0 1.0 1.0 1.0 1.0 2.0 
2.0 2.0 1.1428571428571428 0.31100547392682226 0.5019895574550507 0.49534115722165745 0.2978230662343678 0.4793886058360352 0.25984251968503935 0.31357109773043074 0.47383047707271886 0.2825382121352478 4.0 2.0 4.0 4.0 4.0 3.0 
5.0 0.0 0.9873417721518988 0.3082278481012658 0.510378823777181 0.5017674732929587 0.2546201232032854 0.4722792607802875 0.35369609856262835 0.2546201232032854 0.4984599589322382 0.3228952772073922 4.0 5.0 4.0 4.0 5.0 5.0 
2.0 0.0 1.0632911392405062 0.14161764705882354 0.5328339019927805 0.3075305282805579 0.5908618899273105 0.6915887850467289 0.2751817237798546 0.6147455867082036 0.29283489096573206 0.14849428868120457 1.0 2.0 2.0 1.0 2.0 1.0 
1.0 0.0 1.0886075949367089 0.13908045977011493 0.5108230828368249 0.6497410817031071 0.15392561983471073 0.45454545454545453 0.2262396694214876 0.16425619834710745 0.6033057851239669 0.5444214876033058 1.0 1.0 2.0 1.0 1.0 1.0 
3.0 0.0 0.9753086419753086 0.1757621951219512 0.5843204848112244 0.4735365605559303 0.3538594969644406 0.4778837814397225 0.3686036426712923 0.3538594969644406 0.4215091066782307 0.28274067649609713 1.0 1.0 1.0 1.0 3.0 3.0 
1.0 0.0 0.9736842105263158 0.19722943722943723 0.5038440547659161 0.6554225775149023 0.12818261633011413 0.36611062335381916 0.30201931518876207 0.12818261633011413 0.5750658472344161 0.5452151009657594 1.0 1.0 1.0 1.0 3.0 1.0 
1.0 4.0 1.1159420289855073 0.3395604395604396 0.49452920326706734 0.4716320372715476 0.31661272923408845 0.45307443365695793 0.2977346278317152 0.35490830636461707 0.44282632146709816 0.3106796116504854 1.0 1.0 1.0 1.0 1.0 1.0 
3.0 4.0 1.1 0.29171868497711195 0.5264340984740414 0.4953102710413695 0.2786495482643842 0.47598668568711366 0.362339514978602 0.3095577746077033 0.43128863528292916 0.29576795054683785 2.0 3.0 1.0 2.0 3.0 3.0 
1.0 0.0 1.027027027027027 0.22424242424242424 0.5634423897581793 0.4284983825524366 0.46332046332046334 0.57992277992278 0.4301158301158301 0.4664092664092664 0.30424710424710427 0.28416988416988415 2.0 2.0 1.0 2.0 2.0 2.0 
3.0 0.0 1.0952380952380953 0.18671726755218215 0.4985787086131731 0.5007742934572202 0.24932249322493225 0.55420054200542 0.27168021680216803 0.27235772357723576 0.4993224932249323 0.28252032520325204 3.0 4.0 2.0 3.0 3.0 2.0 
2.0 0.0 1.1282051282051282 0.22656805575309344 0.5538292529817953 0.45354676710608915 0.33458882611424984 0.44695543000627747 0.34400502197112365 0.418706842435656 0.35530445699937224 0.27620841180163214 1.0 4.0 1.0 2.0 3.0 3.0 
3.0 1.0 0.9506172839506173 0.3545966228893058 0.5122597860693099 0.5002177368432512 0.35361552028218696 0.458994708994709 0.3514109347442681 0.35361552028218696 0.4263668430335097 0.36331569664902996 4.0 4.0 5.0 4.0 4.0 2.0 
2.0 0.0 0.9775280898876404 0.2077020202020202 0.5117003808126332 0.4773265940370889 0.2571428571428571 0.6085106382978723 0.2632218844984802 0.251063829787234 0.5963525835866261 0.1817629179331307 4.0 2.0 2.0 4.0 1.0 2.0 
3.0 2.0 0.9775280898876404 0.2566919191919192 0.4970232542361382 0.47142375522972085 0.2892277422528283 0.49483521888834237 0.35809149040826366 0.279390063944909 0.4549926217412691 0.21495327102803738 1.0 5.0 1.0 1.0 3.0 3.0 
3.0 6.0 0.9404761904761905 0.3451470588235294 0.5166951616121847 0.4399740296629943 0.44951001278227526 0.518108223263741 0.36046016190881974 0.4341712824882829 0.40391989774179804 0.2556455048998722 2.0 3.0 2.0 2.0 4.0 3.0 
1.0 0.0 0.963855421686747 0.22001763668430335 0.4549515698062792 0.5696855558506572 0.24782899131596525 0.4415497661990648 0.19839679358717435 0.24782899131596525 0.6259185036740147 0.3306613226452906 3.0 1.0 3.0 3.0 1.0 1.0 
1.0 1.0 1.0 0.19202120944325213 0.4887185464108541 0.4360468591237822 0.33793556870479946 0.6068376068376068 0.1932938856015779 0.33793556870479946 0.5496383957922419 0.12294543063773833 2.0 2.0 3.0 2.0 1.0 2.0 
3.0 0.0 1.296875 0.22454212454212455 0.49767094479058155 0.5143760195758564 0.2561174551386623 0.4429037520391517 0.2724306688417618 0.3278955954323002 0.4070146818923328 0.28792822185970635 2.0 3.0 1.0 3.0 3.0 3.0 
5.0 2.0 1.0357142857142858 0.25935828877005346 0.4804538452423273 0.5113647520864015 0.3118556701030928 0.46649484536082475 0.2706185567010309 0.31443298969072164 0.5139175257731958 0.3319587628865979 4.0 4.0 3.0 4.0 3.0 3.0 
3.0 2.0 1.069767441860465 0.26659251019651464 0.49849327770050994 0.5182154370303285 0.26564673157162727 0.4960593416782568 0.2851182197496523 0.2758460825220213 0.5006954102920723 0.30783495595734817 4.0 1.0 3.0 4.0 2.0 3.0 
1.0 0.0 1.0116279069767442 0.15478056426332287 0.44659779814733985 0.39367088607594936 0.41350210970464135 0.5535864978902953 0.16624472573839663 0.4050632911392405 0.4835443037974684 0.11814345991561181 2.0 1.0 2.0 2.0 2.0 1.0 
1.0 0.0 0.9770114942528736 0.21934460887949261 0.48311835577604534 0.5240132945575405 0.2921686746987952 0.48012048192771084 0.21987951807228914 0.2921686746987952 0.5216867469879518 0.3228915662650602 2.0 1.0 3.0 2.0 2.0 2.0 
3.0 0.0 1.0229885057471264 0.17512626262626263 0.5135163597773872 0.47060139721055116 0.2638788752703677 0.6553713049747657 0.22350396539293438 0.2761355443403028 0.5270367700072098 0.19826964671953856 3.0 3.0 2.0 3.0 4.0 2.0 
1.0 0.0 1.2027027027027026 0.13377777777777777 0.5152985678201252 0.6107120409445991 0.1406423034330011 0.53156146179402 0.26245847176079734 0.15171650055370986 0.5282392026578073 0.4318936877076412 2.0 1.0 1.0 2.0 1.0 2.0 
1.0 0.0 0.8395061728395061 0.2605160834217038 0.49262710511613056 0.581243613581922 0.21099050203527817 0.4043419267299864 0.291044776119403 0.20081411126187246 0.514246947082768 0.36092265943012214 2.0 1.0 2.0 2.0 3.0 1.0 
1.0 1.0 1.2280701754385965 0.2705196697425935 0.4996665811746602 0.46656587609058553 0.3402154398563734 0.30341113105924594 0.31597845601436264 0.4353680430879713 0.34470377019748655 0.36894075403949733 1.0 2.0 1.0 1.0 2.0 1.0 
1.0 3.0 0.7272727272727273 0.34727845254161044 0.5065807735011103 0.4921354552183568 0.4261658031088083 0.4326424870466321 0.327720207253886 0.3426165803108808 0.33095854922279794 0.10038860103626943 1.0 4.0 1.0 1.0 1.0 1.0 
1.0 3.0 0.9404761904761905 0.23720588235294118 0.5051912075148909 0.4006214389041419 0.4494730316181029 0.5716057036577805 0.38003719776813394 0.44327340359578427 0.3428394296342219 0.21264724116553008 1.0 5.0 1.0 1.0 2.0 2.0 
1.0 0.0 1.0 0.18760734575241114 0.4876514903373731 0.45624795283327874 0.33943661971830985 0.6288732394366198 0.15704225352112677 0.33943661971830985 0.5788732394366197 0.17253521126760563 4.0 1.0 2.0 4.0 1.0 1.0 
1.0 1.0 1.0357142857142858 0.21697860962566845 0.4923690342136387 0.4889754423026142 0.39063462723351816 0.4596426370918053 0.2809611829944547 0.39063462723351816 0.48120764017252005 0.34319162045594576 2.0 3.0 3.0 2.0 2.0 1.0 
1.0 3.0 0.8555555555555555 0.257396449704142 0.5119456350983445 0.49060998601228484 0.32348111658456485 0.5752599890530925 0.3125342090859332 0.30487137383689106 0.4696223316912972 0.21291735084838534 2.0 6.0 1.0 2.0 1.0 3.0 
2.0 0.0 1.0952380952380953 0.23263757115749525 0.4869316972834953 0.48062482197881873 0.2849374660141381 0.5274605764002175 0.20554649265905384 0.3306144643828168 0.5410549211528004 0.2523110386079391 3.0 1.0 2.0 3.0 2.0 4.0 
2.0 0.0 1.1058823529411765 0.2456548347613219 0.4871725556297639 0.4895747237609543 0.279023418036871 0.4942700548081714 0.2142501245640259 0.3193821624314898 0.5406078724464375 0.2944693572496263 3.0 1.0 3.0 3.0 3.0 4.0 
1.0 3.0 0.6547619047619048 0.3411764705882353 0.4980631437527989 0.5490704902650716 0.31342364532019706 0.3608374384236453 0.28078817733990147 0.28263546798029554 0.3294334975369458 0.1791871921182266 1.0 5.0 1.0 1.0 1.0 1.0 
1.0 3.0 1.0235294117647058 0.23427589852008457 0.5082689901524139 0.5087090673832985 0.31810490693739424 0.487873660462493 0.28482797518330516 0.31810490693739424 0.49746192893401014 0.3401015228426396 2.0 4.0 2.0 2.0 1.0 2.0 
3.0 7.0 0.9404761904761905 0.3761764705882353 0.5086252115477875 0.46141889124688185 0.4014855355746677 0.5074276778733385 0.31704456606724 0.39014855355746675 0.47146207974980453 0.2857701329163409 2.0 3.0 2.0 3.0 4.0 3.0 
1.0 3.0 1.1219512195121952 0.268558103381267 0.4517135426498039 0.4649324061981575 0.3506994693680656 0.4905933429811867 0.2513265798359865 0.37433671008200675 0.4481427882296189 0.28895320791123974 1.0 2.0 1.0 1.0 2.0 2.0 
5.0 1.0 0.9655172413793104 0.20655080213903743 0.5126444752658345 0.5211248744559759 0.35080906148867314 0.48284789644012943 0.2802588996763754 0.35080906148867314 0.4841423948220065 0.37993527508090613 4.0 5.0 4.0 4.0 2.0 1.0 
7.0 3.0 1.123456790123457 0.2966595970307529 0.5021506643490558 0.5173931751232913 0.31054512957998215 0.45621090259159963 0.29803395889186773 0.32350312779267204 0.4633601429848079 0.39544235924932974 5.0 6.0 3.0 5.0 5.0 2.0 
4.0 0.0 1.0476190476190477 0.18849966953073363 0.4832653321433125 0.44409103052160553 0.3281907433380084 0.4361851332398317 0.3814866760168303 0.3653576437587658 0.3884992987377279 0.24403927068723702 2.0 3.0 2.0 2.0 2.0 2.0 
3.0 0.0 0.9775280898876404 0.23143939393939394 0.4985420546682469 0.5096084885709558 0.28423349699945444 0.5335515548281505 0.2673213311511184 0.2744135297326787 0.5521003818876159 0.29296235679214405 4.0 3.0 4.0 4.0 3.0 3.0 
1.0 0.0 0.9651162790697675 0.19786535303776684 0.49866686663667115 0.46473833188587604 0.40110650069156295 0.6009681881051175 0.25311203319502074 0.3962655601659751 0.4661134163208852 0.2669432918395574 2.0 2.0 2.0 2.0 1.0 2.0 
1.0 5.0 0.9887640449438202 0.2647940074906367 0.494036903690369 0.495510385709518 0.3243752946723244 0.5417256011315418 0.25553983969825556 0.3243752946723244 0.5124941065535125 0.27911362564827913 3.0 1.0 3.0 3.0 1.0 3.0 
1.0 4.0 1.013157894736842 0.3363303363303363 0.49073550212164074 0.4994007295466389 0.2747524752475248 0.49603960396039604 0.3 0.2747524752475248 0.4762376237623762 0.3099009900990099 1.0 2.0 2.0 1.0 1.0 2.0 
2.0 0.0 1.1168831168831168 0.21058060713233126 0.4924813253698309 0.5588505266601838 0.2344296710986704 0.3645906228131561 0.22673198040587825 0.26592022393282017 0.5675297410776767 0.39538138558432473 1.0 2.0 2.0 1.0 2.0 2.0 
1.0 0.0 0.872093023255814 0.31715063520871145 0.5155809887140359 0.5236716904548026 0.2675250357653791 0.4754411063423939 0.30853600381497376 0.21268478779208394 0.5274201239866476 0.2999523128278493 4.0 2.0 4.0 4.0 2.0 3.0 
2.0 1.0 1.0 0.20262975778546713 0.482484387197502 0.5487168227946917 0.3620218579234973 0.48770491803278687 0.22131147540983606 0.3620218579234973 0.5163934426229508 0.35655737704918034 3.0 2.0 3.0 3.0 3.0 2.0 
1.0 1.0 1.036144578313253 0.21510673234811165 0.4982321439138411 0.54085042459916 0.28880407124681934 0.522264631043257 0.28053435114503816 0.3199745547073791 0.5254452926208651 0.3301526717557252 2.0 2.0 2.0 2.0 1.0 2.0 
3.0 0.0 0.8214285714285714 0.2810084033613445 0.5277026558491089 0.5439806903622693 0.29545454545454547 0.416866028708134 0.3576555023923445 0.2673444976076555 0.34868421052631576 0.2535885167464115 4.0 4.0 2.0 3.0 3.0 1.0 
1.0 1.0 1.0972222222222223 0.2534246575342466 0.5250256585699624 0.5046828078078078 0.28581081081081083 0.45135135135135135 0.31756756756756754 0.3027027027027027 0.4391891891891892 0.33918918918918917 2.0 2.0 2.0 1.0 1.0 2.0 
2.0 0.0 1.0470588235294118 0.2874677002583979 0.5093902285065017 0.48563648380700597 0.31235955056179776 0.48269662921348316 0.3096629213483146 0.338876404494382 0.44134831460674157 0.2593258426966292 1.0 5.0 2.0 1.0 5.0 5.0 
1.0 4.0 0.9560439560439561 0.2898962450592885 0.48645617540611885 0.4580034366996446 0.35066041755432464 0.5811674478057094 0.24925436727737538 0.3438432040903281 0.5138474648487431 0.19429058372390284 5.0 1.0 3.0 5.0 1.0 2.0 
1.0 1.0 0.9358974358974359 0.18251796099897366 0.5453004840097059 0.3889169249993992 0.49203373945641987 0.7347703842549204 0.3261480787253983 0.4704779756326148 0.45454545454545453 0.17994376757263356 2.0 2.0 1.0 2.0 2.0 1.0 
1.0 2.0 0.975609756097561 0.23724527740591997 0.5486128526645768 0.5151005428549583 0.3266457680250784 0.5855799373040752 0.3304075235109718 0.3266457680250784 0.4695924764890282 0.31912225705329156 2.0 2.0 2.0 2.0 2.0 2.0 
2.0 2.0 1.0348837209302326 0.19029374201787994 0.4662393484654249 0.4565163102856251 0.3221476510067114 0.5436241610738255 0.17785234899328858 0.3221476510067114 0.5275167785234899 0.1959731543624161 1.0 2.0 1.0 1.0 2.0 2.0 
1.0 0.0 0.8705882352941177 0.25317829457364344 0.5266794657486635 0.4981520838586506 0.33986527862829147 0.5499081445192896 0.3698714023270055 0.3288426209430496 0.3759951010410288 0.21432945499081446 2.0 1.0 2.0 2.0 3.0 4.0 
2.0 2.0 1.1168831168831168 0.2608311229000884 0.48621074760215477 0.47924279110719786 0.31412429378531076 0.4774011299435028 0.23672316384180792 0.3536723163841808 0.4774011299435028 0.26666666666666666 2.0 3.0 3.0 2.0 4.0 2.0 
3.0 2.0 1.0119047619047619 0.2811217510259918 0.5207785888077859 0.464859228362878 0.3508515815085158 0.5172749391727494 0.3785888077858881 0.35231143552311434 0.41411192214111925 0.26666666666666666 2.0 3.0 1.0 2.0 4.0 3.0 
3.0 2.0 1.1097560975609757 0.2602147721320063 0.5133090362078787 0.510274098714817 0.29089079013588326 0.5037745344740815 0.31353799698037244 0.29894313034725717 0.4554604932058379 0.32964267740312025 2.0 3.0 2.0 2.0 3.0 2.0 
3.0 0.0 0.9545454545454546 0.18017184401850628 0.49540579254445727 0.44096411658774093 0.3191489361702128 0.6456346294937637 0.2516507703595011 0.3118121790168745 0.541452677916361 0.10271460014673514 3.0 2.0 3.0 3.0 1.0 1.0 
2.0 0.0 1.0588235294117647 0.20189113212369025 0.5010126582278481 0.5408116157855547 0.23670886075949368 0.519620253164557 0.25 0.2481012658227848 0.5563291139240506 0.3689873417721519 4.0 2.0 4.0 4.0 4.0 1.0 
2.0 2.0 1.1428571428571428 0.317509998261172 0.49596796276013144 0.47419809106556093 0.2809419496166484 0.44468784227820374 0.29791894852135814 0.37075575027382257 0.42716319824753557 0.27765607886089816 2.0 3.0 2.0 2.0 3.0 2.0 
3.0 1.0 0.9058823529411765 0.31663685152057247 0.5533237948492186 0.44435582142461505 0.3997175141242938 0.5602636534839924 0.3742937853107345 0.3921845574387947 0.3799435028248588 0.23775894538606404 4.0 3.0 4.0 3.0 4.0 3.0 
4.0 2.0 1.0116279069767442 0.3207941483803553 0.5558051593095961 0.49269468222104384 0.32247557003257327 0.5781758957654723 0.3986156351791531 0.30781758957654726 0.4385179153094462 0.2927524429967427 2.0 3.0 4.0 2.0 4.0 4.0 
6.0 4.0 1.0235294117647058 0.2937367864693446 0.4901939493591036 0.49903945383821546 0.28879892037786775 0.5245164192532613 0.28565002249212773 0.28879892037786775 0.5042735042735043 0.2595591542959964 4.0 5.0 4.0 4.0 2.0 5.0 
2.0 0.0 1.024390243902439 0.17165131112686038 0.512012897644607 0.3752089585305432 0.43765483071841454 0.662262592898431 0.24690338563170933 0.43765483071841454 0.4194880264244426 0.12303881090008258 2.0 2.0 2.0 2.0 2.0 2.0 
2.0 0.0 1.0229885057471264 0.23977272727272728 0.4890332581902953 0.5016978082838518 0.2869931542917325 0.5055292259083728 0.239073196419168 0.3022643496577146 0.5002632964718273 0.2996313849394418 1.0 3.0 6.0 1.0 2.0 2.0 
1.0 2.0 1.072289156626506 0.28015873015873016 0.5024933422457056 0.4808639657781267 0.31397544853635506 0.5656279508970727 0.2747875354107649 0.3210576015108593 0.4830028328611898 0.24173748819641172 3.0 2.0 5.0 2.0 2.0 3.0 
4.0 0.0 1.4482758620689655 0.18285144566301098 0.5115023108480033 0.6288308953484 0.14612868047982552 0.18429661941112324 0.17448200654307525 0.2682660850599782 0.4732824427480916 0.4940021810250818 2.0 2.0 2.0 2.0 3.0 2.0 
3.0 0.0 1.0963855421686748 0.2484472049689441 0.4777300824175824 0.5101907630522088 0.29010416666666666 0.4625 0.2557291666666667 0.3229166666666667 0.5098958333333333 0.28072916666666664 4.0 2.0 1.0 4.0 4.0 2.0 
5.0 4.0 1.0246913580246915 0.2826655052264808 0.5203618789487688 0.4781144781144781 0.40318438623523367 0.5120698510529019 0.337442218798151 0.41140215716486905 0.38931689779147405 0.3323061119671289 3.0 3.0 3.0 3.0 4.0 4.0 
1.0 0.0 0.8941176470588236 0.19873150105708245 0.557630779075348 0.48871804040765243 0.41641337386018235 0.5782674772036475 0.3768996960486322 0.3898176291793313 0.378419452887538 0.2682370820668693 2.0 2.0 1.0 2.0 2.0 2.0 
1.0 4.0 0.8275862068965517 0.31989414694894147 0.5447418221140848 0.4222390021534245 0.44330900243309 0.5800486618004866 0.35279805352798055 0.4170316301703163 0.3581508515815085 0.15523114355231143 3.0 2.0 2.0 3.0 1.0 2.0 
